3.0
4.0
17.0
32.0
31.0
48.0
33.0
36.0
51.0
67.0
22.0
29.0
18.0
71.0
46.0
62.0
59.0
77.0
72.0
59.0
68.0
82.0
49.0
83.0
86.0
25.0
75.0
72.0
84.0
89.0
68.0
69.0
35.0
72.0
22.0
26.0
75.0
27.0
75.0
99.0
99.0
94.0
11.0
83.0
29.0
79.0
30.0
75.0
38.0
97.0
114.0
119.0
95.0
47.0
78.0
96.0
102.0
113.0
106.0
110.0
101.0
50.0
58.0
126.0
89.0
69.0
110.0
121.0
93.0
66.0
116.0
48.0
90.0
56.0
128.0
30.0
116.0
88.0
63.0
51.0
127.0
128.0
57.0
112.0
112.0
93.0
81.0
71.0
129.0
81.0
20.0
148.0
83.0
141.0
137.0
127.0
120.0
59.0
77.0
136.0
90.0
105.0
119.0
81.0
147.0
56.0
90.0
52.0
149.0
65.0
131.0
56.0
143.0
78.0
105.0
65.0
73.0
126.0
80.0
90.0
44.0
153.0
41.0
93.0
99.0
119.0
173.0
147.0
111.0
79.0
26.0
139.0
70.0
119.0
56.0
64.0
170.0
131.0
145.0
43.0
135.0
51.0
151.0
114.0
4.0
160.0
103.0
39.0
32.0
43.0
91.0
54.0
103.0
178.0
178.0
107.0
113.0
56.0
57.0
65.0
151.0
146.0
33.0
115.0
52.0
98.0
160.0
193.0
105.0
83.0
51.0
188.0
126.0
82.0
166.0
39.0
169.0
132.0
66.0
52.0
159.0
37.0
31.0
62.0
124.0
163.0
114.0
138.0
177.0
205.0
122.0
90.0
188.0
61.0
127.0
91.0
197.0
136.0
43.0
43.0
143.0
74.0
26.0
177.0
91.0
72.0
114.0
148.0
201.0
144.0
169.0
144.0
59.0
59.0
179.0
57.0
179.0
205.0
75.0
31.0
133.0
59.0
59.0
102.0
210.0
124.0
115.0
41.0
166.0
77.0
122.0
110.0
89.0
155.0
77.0
125.0
173.0
190.0
49.0
103.0
39.0
7.0
207.0
91.0
184.0
79.0
119.0
223.0
79.0
40.0
103.0
35.0
164.0
102.0
218.0
243.0
104.0
243.0
129.0
105.0
52.0
205.0
104.0
74.0
137.0
41.0
134.0
188.0
91.0
155.0
47.0
55.0
100.0
84.0
232.0
160.0
176.0
254.0
75.0
65.0
85.0
253.0
246.0
171.0
176.0
135.0
261.0
69.0
53.0
172.0
252.0
69.0
56.0
256.0
68.0
82.0
46.0
161.0
95.0
68.0
111.0
150.0
149.0
98.0
30.0
250.0
188.0
241.0
84.0
76.0
266.0
91.0
216.0
69.0
155.0
36.0
118.0
231.0
125.0
106.0
194.0
179.0
172.0
141.0
253.0
123.0
156.0
56.0
148.0
261.0
262.0
45.0
138.0
36.0
88.0
169.0
276.0
116.0
35.0
252.0
26.0
72.0
3.0
57.0
267.0
144.0
104.0
116.0
92.0
79.0
64.0
71.0
193.0
69.0
162.0
141.0
55.0
58.0
207.0
135.0
149.0
139.0
195.0
221.0
130.0
128.0
197.0
192.0
60.0
100.0
78.0
210.0
247.0
74.0
281.0
76.0
132.0
53.0
278.0
277.0
98.0
65.0
112.0
72.0
33.0
132.0
283.0
52.0
65.0
48.0
145.0
155.0
78.0
37.0
287.0
114.0
159.0
52.0
188.0
155.0
79.0
102.0
67.0
110.0
109.0
225.0
76.0
144.0
128.0
60.0
127.0
66.0
174.0
166.0
10.0
75.0
43.0
226.0
130.0
106.0
111.0
154.0
222.0
76.0
131.0
95.0
19.0
54.0
282.0
254.0
298.0
55.0
51.0
120.0
167.0
138.0
65.0
261.0
58.0
206.0
303.0
111.0
300.0
77.0
34.0
287.0
116.0
110.0
57.0
143.0
136.0
204.0
69.0
25.0
46.0
175.0
316.0
3.0
248.0
43.0
121.0
156.0
217.0
108.0
116.0
83.0
191.0
103.0
163.0
159.0
283.0
208.0
333.0
56.0
328.0
131.0
109.0
226.0
44.0
267.0
140.0
104.0
325.0
75.0
234.0
43.0
159.0
20.0
76.0
80.0
87.0
109.0
243.0
100.0
307.0
41.0
93.0
43.0
194.0
66.0
70.0
195.0
115.0
170.0
277.0
86.0
131.0
45.0
129.0
214.0
157.0
22.0
104.0
207.0
153.0
253.0
92.0
338.0
108.0
68.0
99.0
190.0
63.0
128.0
59.0
35.0
221.0
157.0
208.0
41.0
227.0
104.0
144.0
46.0
3.0
205.0
125.0
97.0
101.0
182.0
135.0
46.0
46.0
89.0
135.0
223.0
182.0
363.0
198.0
220.0
94.0
156.0
16.0
95.0
53.0
74.0
368.0
80.0
66.0
51.0
141.0
96.0
300.0
112.0
220.0
302.0
109.0
157.0
177.0
55.0
207.0
100.0
212.0
29.0
63.0
285.0
261.0
24.0
32.0
114.0
216.0
204.0
191.0
222.0
129.0
81.0
88.0
132.0
94.0
117.0
238.0
97.0
252.0
212.0
206.0
342.0
128.0
329.0
281.0
166.0
73.0
69.0
199.0
242.0
72.0
380.0
167.0
174.0
281.0
238.0
37.0
163.0
30.0
109.0
210.0
386.0
113.0
89.0
49.0
256.0
86.0
134.0
126.0
91.0
50.0
141.0
277.0
204.0
54.0
41.0
47.0
186.0
58.0
322.0
49.0
29.0
188.0
219.0
77.0
108.0
126.0
372.0
125.0
101.0
303.0
42.0
134.0
164.0
332.0
49.0
95.0
250.0
182.0
270.0
87.0
338.0
101.0
75.0
226.0
114.0
59.0
331.0
160.0
234.0
54.0
157.0
239.0
68.0
53.0
37.0
143.0
54.0
46.0
167.0
162.0
128.0
306.0
268.0
359.0
84.0
256.0
46.0
255.0
141.0
263.0
284.0
70.0
145.0
303.0
47.0
94.0
57.0
181.0
211.0
49.0
117.0
127.0
267.0
397.0
128.0
81.0
250.0
349.0
144.0
147.0
197.0
157.0
144.0
212.0
156.0
56.0
51.0
85.0
414.0
113.0
26.0
155.0
241.0
282.0
325.0
289.0
358.0
50.0
161.0
101.0
65.0
40.0
187.0
21.0
184.0
45.0
91.0
73.0
115.0
137.0
358.0
129.0
215.0
272.0
294.0
85.0
79.0
187.0
199.0
90.0
278.0
190.0
89.0
174.0
259.0
6.0
108.0
133.0
285.0
238.0
164.0
110.0
52.0
165.0
347.0
73.0
180.0
79.0
146.0
128.0
63.0
105.0
407.0
187.0
65.0
177.0
370.0
96.0
289.0
95.0
343.0
191.0
162.0
61.0
96.0
49.0
60.0
55.0
331.0
140.0
132.0
298.0
38.0
129.0
40.0
202.0
159.0
210.0
344.0
159.0
53.0
79.0
371.0
260.0
177.0
100.0
119.0
405.0
65.0
133.0
321.0
242.0
89.0
284.0
123.0
29.0
111.0
124.0
427.0
144.0
205.0
83.0
331.0
304.0
117.0
176.0
50.0
163.0
145.0
222.0
196.0
67.0
50.0
202.0
86.0
169.0
26.0
164.0
255.0
240.0
68.0
257.0
114.0
261.0
142.0
127.0
121.0
84.0
23.0
192.0
32.0
124.0
154.0
202.0
425.0
70.0
200.0
140.0
58.0
107.0
230.0
91.0
237.0
74.0
85.0
103.0
406.0
121.0
32.0
218.0
105.0
55.0
65.0
253.0
109.0
204.0
66.0
66.0
82.0
119.0
277.0
174.0
410.0
466.0
190.0
138.0
417.0
288.0
165.0
221.0
44.0
199.0
69.0
252.0
373.0
52.0
243.0
71.0
275.0
251.0
53.0
69.0
86.0
177.0
85.0
37.0
132.0
58.0
123.0
103.0
323.0
361.0
115.0
211.0
43.0
83.0
403.0
232.0
62.0
72.0
470.0
75.0
123.0
139.0
82.0
92.0
256.0
165.0
199.0
171.0
299.0
34.0
149.0
25.0
127.0
379.0
109.0
272.0
185.0
281.0
164.0
37.0
421.0
90.0
399.0
223.0
44.0
19.0
44.0
121.0
282.0
390.0
74.0
149.0
109.0
53.0
118.0
142.0
27.0
168.0
7.0
154.0
327.0
454.0
111.0
148.0
183.0
226.0
153.0
315.0
201.0
133.0
326.0
31.0
72.0
193.0
80.0
191.0
75.0
349.0
168.0
518.0
276.0
71.0
346.0
45.0
296.0
96.0
132.0
55.0
32.0
97.0
72.0
258.0
36.0
198.0
86.0
176.0
40.0
374.0
166.0
502.0
144.0
184.0
248.0
24.0
324.0
150.0
173.0
93.0
56.0
96.0
230.0
49.0
439.0
107.0
111.0
159.0
82.0
365.0
230.0
159.0
242.0
130.0
156.0
156.0
200.0
156.0
157.0
85.0
151.0
99.0
129.0
31.0
178.0
251.0
75.0
112.0
179.0
55.0
375.0
30.0
398.0
358.0
55.0
55.0
194.0
247.0
100.0
238.0
157.0
142.0
43.0
168.0
200.0
153.0
18.0
129.0
214.0
108.0
125.0
245.0
154.0
295.0
111.0
203.0
137.0
134.0
102.0
264.0
142.0
141.0
115.0
110.0
265.0
66.0
518.0
89.0
224.0
140.0
339.0
116.0
61.0
265.0
45.0
88.0
36.0
319.0
103.0
320.0
3.0
130.0
305.0
226.0
179.0
105.0
91.0
228.0
73.0
325.0
28.0
524.0
117.0
176.0
419.0
70.0
91.0
225.0
527.0
137.0
397.0
105.0
358.0
71.0
164.0
287.0
65.0
83.0
110.0
105.0
377.0
573.0
51.0
252.0
469.0
140.0
35.0
178.0
59.0
301.0
112.0
69.0
280.0
249.0
45.0
85.0
67.0
92.0
178.0
85.0
264.0
77.0
50.0
407.0
62.0
185.0
326.0
52.0
379.0
56.0
308.0
154.0
220.0
345.0
316.0
208.0
182.0
298.0
249.0
248.0
110.0
138.0
218.0
295.0
136.0
425.0
31.0
343.0
98.0
108.0
311.0
86.0
87.0
385.0
72.0
192.0
190.0
7.0
328.0
331.0
462.0
168.0
218.0
50.0
75.0
196.0
155.0
379.0
120.0
459.0
159.0
241.0
3.0
201.0
93.0
217.0
105.0
120.0
70.0
451.0
224.0
71.0
86.0
56.0
74.0
135.0
412.0
58.0
280.0
144.0
150.0
83.0
54.0
164.0
308.0
153.0
515.0
18.0
64.0
176.0
177.0
69.0
235.0
126.0
470.0
170.0
187.0
414.0
138.0
180.0
75.0
91.0
59.0
192.0
147.0
29.0
251.0
47.0
161.0
98.0
347.0
119.0
312.0
54.0
109.0
252.0
189.0
71.0
178.0
95.0
156.0
89.0
157.0
529.0
77.0
452.0
160.0
71.0
540.0
170.0
44.0
249.0
125.0
180.0
385.0
309.0
79.0
42.0
28.0
243.0
458.0
105.0
163.0
444.0
55.0
414.0
56.0
334.0
122.0
284.0
151.0
583.0
459.0
124.0
461.0
81.0
152.0
607.0
134.0
104.0
108.0
104.0
349.0
156.0
524.0
187.0
122.0
35.0
171.0
161.0
117.0
108.0
357.0
201.0
7.0
454.0
96.0
397.0
351.0
237.0
180.0
56.0
116.0
203.0
90.0
58.0
231.0
145.0
170.0
358.0
153.0
459.0
64.0
331.0
24.0
181.0
98.0
200.0
215.0
212.0
19.0
140.0
89.0
47.0
213.0
58.0
94.0
31.0
12.0
421.0
200.0
51.0
131.0
304.0
315.0
143.0
80.0
98.0
70.0
73.0
32.0
299.0
219.0
146.0
313.0
70.0
95.0
145.0
360.0
119.0
457.0
313.0
254.0
196.0
48.0
165.0
304.0
297.0
25.0
177.0
501.0
170.0
505.0
165.0
253.0
116.0
278.0
257.0
57.0
251.0
35.0
355.0
465.0
156.0
177.0
320.0
94.0
31.0
98.0
373.0
52.0
90.0
79.0
93.0
352.0
201.0
460.0
235.0
88.0
252.0
91.0
607.0
119.0
51.0
63.0
103.0
28.0
270.0
522.0
323.0
123.0
226.0
434.0
375.0
77.0
91.0
290.0
341.0
257.0
42.0
77.0
342.0
194.0
523.0
428.0
213.0
41.0
311.0
41.0
73.0
231.0
107.0
5.0
34.0
409.0
221.0
100.0
382.0
359.0
661.0
184.0
223.0
85.0
415.0
66.0
572.0
139.0
229.0
216.0
40.0
276.0
199.0
323.0
51.0
156.0
66.0
200.0
51.0
161.0
91.0
130.0
161.0
365.0
218.0
420.0
95.0
178.0
139.0
30.0
187.0
152.0
194.0
114.0
35.0
93.0
62.0
186.0
95.0
310.0
136.0
378.0
123.0
125.0
234.0
114.0
101.0
35.0
273.0
143.0
48.0
148.0
84.0
411.0
145.0
184.0
188.0
100.0
93.0
30.0
277.0
47.0
228.0
276.0
111.0
137.0
150.0
212.0
93.0
72.0
213.0
540.0
183.0
96.0
497.0
276.0
239.0
107.0
121.0
67.0
462.0
49.0
124.0
230.0
283.0
22.0
81.0
219.0
193.0
146.0
481.0
182.0
210.0
339.0
41.0
67.0
146.0
107.0
34.0
88.0
142.0
31.0
177.0
427.0
67.0
380.0
56.0
76.0
226.0
104.0
81.0
78.0
113.0
50.0
464.0
88.0
138.0
187.0
63.0
305.0
138.0
180.0
89.0
29.0
433.0
49.0
73.0
57.0
202.0
193.0
389.0
74.0
359.0
60.0
134.0
122.0
222.0
55.0
50.0
283.0
329.0
155.0
210.0
42.0
254.0
672.0
97.0
32.0
145.0
171.0
260.0
79.0
194.0
79.0
372.0
175.0
76.0
371.0
83.0
136.0
387.0
339.0
80.0
89.0
221.0
76.0
34.0
291.0
160.0
170.0
106.0
133.0
146.0
223.0
276.0
322.0
161.0
47.0
340.0
91.0
258.0
130.0
170.0
129.0
112.0
260.0
111.0
246.0
265.0
45.0
180.0
185.0
284.0
198.0
25.0
23.0
196.0
205.0
152.0
223.0
87.0
346.0
160.0
153.0
328.0
280.0
114.0
3.0
141.0
369.0
237.0
88.0
134.0
261.0
367.0
450.0
110.0
520.0
110.0
174.0
137.0
259.0
88.0
53.0
277.0
76.0
184.0
118.0
43.0
160.0
196.0
139.0
294.0
482.0
110.0
308.0
126.0
298.0
157.0
305.0
122.0
135.0
366.0
94.0
252.0
386.0
222.0
481.0
41.0
361.0
149.0
108.0
243.0
31.0
71.0
179.0
63.0
240.0
148.0
28.0
258.0
456.0
96.0
79.0
292.0
424.0
463.0
3.0
106.0
94.0
89.0
179.0
312.0
676.0
81.0
70.0
115.0
94.0
408.0
101.0
568.0
204.0
541.0
244.0
411.0
19.0
78.0
145.0
113.0
148.0
149.0
154.0
86.0
52.0
246.0
211.0
96.0
52.0
202.0
484.0
150.0
186.0
162.0
113.0
98.0
162.0
253.0
199.0
48.0
109.0
82.0
104.0
45.0
111.0
291.0
119.0
45.0
293.0
99.0
53.0
189.0
118.0
367.0
210.0
43.0
135.0
214.0
167.0
80.0
177.0
88.0
654.0
612.0
194.0
78.0
147.0
118.0
81.0
192.0
144.0
400.0
82.0
60.0
397.0
44.0
41.0
53.0
163.0
255.0
356.0
129.0
364.0
72.0
200.0
168.0
150.0
38.0
344.0
194.0
248.0
57.0
184.0
404.0
81.0
118.0
89.0
50.0
34.0
58.0
43.0
108.0
164.0
423.0
560.0
164.0
257.0
174.0
365.0
312.0
148.0
405.0
142.0
404.0
90.0
370.0
90.0
73.0
98.0
164.0
39.0
55.0
123.0
126.0
42.0
70.0
363.0
93.0
163.0
145.0
70.0
179.0
87.0
134.0
159.0
57.0
120.0
200.0
138.0
108.0
269.0
86.0
319.0
125.0
234.0
100.0
449.0
264.0
50.0
187.0
461.0
157.0
141.0
633.0
51.0
109.0
247.0
84.0
209.0
70.0
123.0
50.0
179.0
392.0
83.0
244.0
136.0
199.0
3.0
203.0
58.0
258.0
219.0
166.0
238.0
159.0
88.0
300.0
66.0
59.0
116.0
256.0
81.0
47.0
64.0
40.0
128.0
50.0
193.0
168.0
90.0
116.0
77.0
504.0
65.0
289.0
108.0
148.0
78.0
92.0
136.0
84.0
444.0
111.0
169.0
147.0
141.0
161.0
40.0
114.0
69.0
137.0
191.0
164.0
183.0
64.0
196.0
169.0
73.0
194.0
77.0
61.0
149.0
301.0
134.0
251.0
117.0
188.0
179.0
74.0
132.0
107.0
355.0
78.0
101.0
78.0
58.0
295.0
136.0
578.0
126.0
263.0
175.0
230.0
83.0
55.0
91.0
98.0
148.0
132.0
100.0
178.0
212.0
49.0
247.0
184.0
713.0
110.0
100.0
320.0
55.0
414.0
384.0
171.0
36.0
132.0
67.0
378.0
176.0
335.0
115.0
407.0
73.0
178.0
97.0
277.0
100.0
478.0
88.0
141.0
109.0
119.0
303.0
50.0
247.0
117.0
177.0
49.0
110.0
305.0
238.0
87.0
123.0
154.0
307.0
330.0
263.0
93.0
151.0
46.0
29.0
315.0
100.0
80.0
158.0
268.0
204.0
88.0
299.0
156.0
434.0
175.0
132.0
63.0
64.0
133.0
128.0
163.0
36.0
215.0
94.0
108.0
94.0
376.0
98.0
49.0
89.0
82.0
75.0
83.0
205.0
165.0
23.0
226.0
151.0
339.0
159.0
433.0
391.0
267.0
294.0
285.0
83.0
118.0
167.0
44.0
82.0
185.0
292.0
97.0
151.0
314.0
88.0
100.0
190.0
79.0
42.0
288.0
342.0
50.0
223.0
184.0
57.0
206.0
142.0
141.0
137.0
3.0
304.0
80.0
233.0
757.0
539.0
181.0
409.0
52.0
88.0
308.0
55.0
145.0
92.0
68.0
79.0
130.0
165.0
146.0
202.0
662.0
368.0
169.0
45.0
67.0
128.0
49.0
234.0
35.0
65.0
139.0
200.0
184.0
74.0
442.0
403.0
136.0
485.0
541.0
184.0
189.0
301.0
162.0
266.0
157.0
123.0
184.0
147.0
354.0
31.0
167.0
75.0
87.0
302.0
201.0
76.0
305.0
132.0
114.0
175.0
197.0
153.0
403.0
300.0
218.0
90.0
83.0
133.0
11.0
109.0
54.0
195.0
347.0
281.0
215.0
58.0
164.0
75.0
29.0
108.0
172.0
217.0
110.0
246.0
224.0
44.0
588.0
149.0
38.0
85.0
34.0
168.0
209.0
288.0
150.0
49.0
239.0
52.0
110.0
359.0
223.0
252.0
292.0
368.0
100.0
376.0
254.0
164.0
376.0
168.0
145.0
176.0
57.0
145.0
65.0
112.0
106.0
103.0
194.0
32.0
116.0
61.0
97.0
200.0
37.0
73.0
305.0
150.0
66.0
284.0
74.0
266.0
122.0
118.0
362.0
49.0
508.0
250.0
694.0
176.0
329.0
269.0
94.0
26.0
339.0
125.0
296.0
104.0
148.0
137.0
74.0
86.0
213.0
104.0
95.0
130.0
61.0
130.0
76.0
89.0
48.0
169.0
156.0
297.0
517.0
118.0
149.0
365.0
245.0
156.0
107.0
693.0
103.0
56.0
181.0
64.0
196.0
68.0
45.0
240.0
331.0
179.0
112.0
72.0
86.0
152.0
215.0
26.0
125.0
118.0
419.0
556.0
73.0
160.0
220.0
215.0
106.0
178.0
41.0
126.0
43.0
334.0
210.0
403.0
52.0
338.0
335.0
287.0
205.0
333.0
324.0
48.0