45.0
36.0
54.0
42.0
27.0
54.0
40.0
64.0
62.0
82.0
46.0
95.0
94.0
45.0
83.0
41.0
79.0
75.0
87.0
104.0
53.0
70.0
82.0
106.0
76.0
64.0
128.0
75.0
129.0
75.0
73.0
46.0
87.0
141.0
75.0
56.0
48.0
67.0
55.0
50.0
104.0
90.0
159.0
80.0
93.0
68.0
58.0
99.0
110.0
85.0
107.0
154.0
58.0
151.0
59.0
163.0
160.0
126.0
92.0
163.0
118.0
182.0
83.0
33.0
100.0
129.0
63.0
140.0
104.0
38.0
63.0
94.0
76.0
144.0
158.0
86.0
81.0
95.0
212.0
70.0
143.0
139.0
109.0
175.0
152.0
142.0
115.0
74.0
81.0
131.0
36.0
116.0
90.0
68.0
134.0
137.0
87.0
135.0
90.0
94.0
48.0
231.0
141.0
81.0
106.0
121.0
51.0
242.0
48.0
121.0
58.0
47.0
224.0
210.0
107.0
120.0
91.0
54.0
135.0
32.0
111.0
90.0
68.0
206.0
204.0
76.0
68.0
74.0
84.0
81.0
51.0
163.0
60.0
106.0
71.0
252.0
65.0
66.0
142.0
52.0
74.0
79.0
68.0
114.0
45.0
97.0
26.0
45.0
117.0
47.0
183.0
103.0
171.0
60.0
70.0
26.0
164.0
33.0
27.0
100.0
252.0
152.0
63.0
94.0
152.0
70.0
73.0
142.0
68.0
40.0
65.0
56.0
69.0
116.0
213.0
28.0
40.0
102.0
96.0
310.0
67.0
93.0
204.0
114.0
154.0
148.0
87.0
142.0
66.0
61.0
70.0
57.0
39.0
48.0
160.0
230.0
229.0
133.0
35.0
57.0
113.0
189.0
116.0
30.0
162.0
119.0
310.0
51.0
172.0
78.0
30.0
84.0
56.0
69.0
61.0
78.0
105.0
81.0
97.0
120.0
99.0
56.0
207.0
129.0
105.0
265.0
89.0
220.0
139.0
31.0
124.0
51.0
113.0
80.0
39.0
94.0
273.0
75.0
48.0
65.0
61.0
88.0
53.0
77.0
159.0
124.0
113.0
62.0
93.0
80.0
38.0
163.0
53.0
180.0
61.0
117.0
193.0
116.0
36.0
90.0
380.0
80.0
24.0
333.0
41.0
30.0
204.0
261.0
201.0
332.0
216.0
135.0
43.0
168.0
47.0
90.0
48.0
98.0
67.0
164.0
140.0
138.0
87.0
118.0
57.0
93.0
115.0
115.0
249.0
197.0
59.0
95.0
80.0
281.0
88.0
45.0
93.0
242.0
136.0
243.0
107.0
83.0
91.0
217.0
60.0
136.0
231.0
124.0
130.0
68.0
59.0
48.0
61.0
65.0
86.0
183.0
33.0
67.0
128.0
71.0
113.0
218.0
163.0
46.0
69.0
56.0
69.0
107.0
48.0
186.0
164.0
59.0
85.0
90.0
39.0
37.0
239.0
57.0
64.0
84.0
72.0
267.0
92.0
111.0
174.0
71.0
31.0
55.0
78.0
163.0
52.0
85.0
160.0
52.0
72.0
75.0
42.0
107.0
155.0
71.0
106.0
82.0
159.0
72.0
48.0
106.0
202.0
138.0
68.0
143.0
149.0
98.0
155.0
414.0
57.0
54.0
197.0
138.0
107.0
226.0
50.0
43.0
196.0
49.0
87.0
55.0
357.0
89.0
65.0
142.0
112.0
62.0
66.0
137.0
69.0
54.0
269.0
46.0
85.0
97.0
113.0
193.0
67.0
280.0
95.0
84.0
75.0
38.0
346.0
185.0
88.0
227.0
212.0
162.0
65.0
212.0
259.0
156.0
125.0
80.0
183.0
271.0
66.0
329.0
235.0
85.0
128.0
65.0
108.0
313.0
119.0
67.0
42.0
56.0
99.0
125.0
171.0
296.0
67.0
160.0
79.0
52.0
114.0
184.0
100.0
58.0
162.0
92.0
142.0
46.0
64.0
43.0
174.0
74.0
298.0
81.0
30.0
457.0
138.0
105.0
112.0
45.0
82.0
233.0
74.0
158.0
153.0
79.0
76.0
366.0
28.0
60.0
120.0
188.0
46.0
80.0
69.0
89.0
91.0
127.0
56.0
59.0
113.0
158.0
69.0
148.0
43.0
35.0
137.0
48.0
157.0
208.0
91.0
71.0
70.0
40.0
66.0
106.0
100.0
53.0
160.0
106.0
123.0
40.0
262.0
53.0
153.0
86.0
148.0
187.0
125.0
91.0
283.0
118.0
52.0
67.0
155.0
54.0
295.0
85.0
241.0
179.0
58.0
96.0
604.0
460.0
40.0
106.0
106.0
182.0
189.0
133.0
120.0
72.0
216.0
79.0
212.0
53.0
97.0
69.0
76.0
39.0
88.0
270.0
167.0
196.0
102.0
94.0
498.0
103.0
46.0
140.0
126.0
130.0
113.0
56.0
111.0
136.0
204.0
104.0
96.0
31.0
141.0
42.0
130.0
106.0
77.0
87.0
288.0
53.0
174.0
159.0
81.0
42.0
117.0
77.0
179.0
58.0
99.0
108.0
120.0
39.0
186.0
44.0
94.0
100.0
183.0
108.0
69.0
41.0
51.0
189.0
106.0
142.0
165.0
36.0
186.0
124.0
76.0
209.0
89.0
341.0
159.0
57.0
116.0
98.0
84.0
261.0
127.0
297.0
115.0
231.0
114.0
64.0
145.0
53.0
95.0
57.0
64.0
73.0
206.0
41.0
68.0
267.0
154.0
270.0
87.0
127.0
203.0
267.0
201.0
134.0
87.0
197.0
64.0
162.0
96.0
124.0
208.0
63.0
185.0
128.0
50.0
112.0
87.0
106.0
80.0